- 0 3 0
- 0 0 0
- 0 0 0
- 0 0 2
- 0 0 0
- 0 0 0
- 0 0 0
- 0 3 0
- 0 0 0
- 0 0 0
- 0 0 0
- 0 0 2
- 0 0 0
- 0 0 0
- 0 3 0
- 0 0 0
- 0 2 0
- 0 0 0
- 0 0 0
- 0 0 0
- 0 0 3
- 0 0 0
- 0 0 0
- 0 0 0
- 0 0 3
- 0 0 0
- 0 0 0
- 0 0 0
- 0 2 0
- 0 0 0
- 0 0 0
- 0 0 0
- 0 2 0
- 0 0 0
- 0 0 0
- 0 0 0
- 0 0 2
- 0 0 0
- 0 0 2
- 0 0 0
- 0 0 0
- 0 0 0
- 0 2 0
- 0 0 0
- 0 0 0
- 0 0 2
- 0 0 0
- 0 0 0
- 0 2 0
- 0 0 0
- 0 0 0
- 0 0 0
- 0 0 2
- 0 0 0
- 0 0 0
- 0 0 0
- 0 2 0
- 0 0 0
- 0 0 0
- 0 0 2
- 0 0 0
- 0 0 0
- 0 0 0
- 0 0 0
- 0 2 0
- 0 0 0
- 0 0 0
- 0 0 0
- 0 0 0
- 0 0 0
- 0 2 0
- 0 0 0
- 0 0 0
- 0 0 0
- 0 0 0
- 0 0 0
- 0 0 3
- 0 0 0
- 0 0 0
- 0 0 0
- 0 0 3
- 0 0 0
- 0 0 0
- 0 0 0
- 0 0 3
- 0 0 0
- 0 0 0
- 0 0 0
- 0 0 3
- 0 0 0
- 0 0 0
- 0 0 0
- 0 0 2
- 0 0 0
- 0 0 0
- 0 0 0
- 0 0 2
- 0 0 0
S 1 0 0
- 0 0 0
- 0 0 0
- 0 0 0
- 0 0 2
- 0 0 0
- 0 0 0
- 0 3 0
- 0 0 0
- 0 0 0
- 0 0 2
- 0 0 0
- 0 0 0
S 1 0 0
E 1 0 0
A 1 0 0
T 1 0 0
- 0 0 0
- 0 0 2
- 0 0 0
- 0 0 0
- 0 3 0
- 0 0 0
- 0 0 0
- 0 0 2
- 0 0 0
- 0 0 0
- 0 0 0
I 1 0 0
- 0 0 0
D 2 0 0
- 0 0 0
- 0 0 0
- 0 0 0
- 0 0 2
- 0 0 0
- 0 0 0
- 0 0 0
- 0 0 3
- 0 0 0
- 0 0 0
- 0 0 0
- 0 0 3
N 1 0 0
- 0 0 0
- 0 0 0
- 0 0 3
- 0 0 0
- 0 0 0
- 0 0 0
- 0 0 3
- 0 0 0
- 0 0 0
- 0 0 0
- 0 0 0
- 0 0 0
- 0 2 0
- 0 0 0
N 1 0 0
- 0 0 0
- 0 0 0
- 0 0 0
- 0 2 0
- 0 0 0
- 0 0 0
- 0 0 0
- 0 0 0
- 0 0 2
- 0 0 0
- 0 0 0
- 0 2 0
- 0 0 0
- 0 0 0
I 1 0 0
- 0 0 2
- 0 0 0
- 0 0 0
- 0 0 0
- 0 2 0
- 0 0 0
- 0 0 0
- 0 0 2
- 0 0 0
- 0 0 0
- 0 2 0
- 0 0 0
- 0 0 0
- 0 0 0
N 1 0 0
- 0 0 0
- 0 0 2
- 0 0 0
- 0 0 0
- 0 0 0
- 0 2 0
- 0 0 0
- 0 0 0
- 0 0 0
- 0 2 0
- 0 0 0
- 0 0 0
- 0 0 0
- 0 0 3
G 2 0 0
- 0 0 0
- 0 0 0
- 0 0 3
- 0 0 0
- 0 0 0
- 0 0 0
- 0 2 0
- 0 0 0
- 0 3 0
- 0 0 0
- 0 0 0
- 0 0 2
- 0 0 0
- 0 0 0
- 0 0 0
- 0 3 0
- 0 0 0
- 0 0 0
- 0 0 0
- 0 0 2
- 0 0 0
- 0 0 0
- 0 3 0
4
Philip 15
A 1
R 1
T 1
R 1
N 1
G 2
O 1
EAT
SINNING
/
Jakob 7
J 8
U 1
T 1
A 1
Y 4
I 1
O 1
SAD
/
Vigaash 4
G 2
L 1
R 1
C 3
E 1
G 4
I 1
SEAT
/
Seran 4
G 4
O 1
N 1
J 8
G 2
C 3
W 4
SIN
/
1
